Rawdata_Lower = {
7433, 7446, 7454, 7453, 7453, 7449, 7443, 7433, 7426, 7410, 7401, 7378, 7359, 7340, 7318, 7299, 7278, 7254, 7235, 7218, 7266,
7521, 7514, 7503, 7491, 7480, 7470, 7452, 7436, 7420, 7407, 7393, 7371, 7348, 7323, 7299, 7278, 7254, 7228, 7203, 7178, 7167,
7523, 7511, 7496, 7484, 7472, 7460, 7443, 7425, 7409, 7395, 7380, 7360, 7339, 7318, 7298, 7280, 7257, 7232, 7209, 7185, 7165,
7517, 7506, 7491, 7475, 7464, 7451, 7434, 7416, 7404, 7391, 7377, 7357, 7338, 7317, 7302, 7284, 7263, 7242, 7223, 7200, 7179,
7509, 7500, 7483, 7470, 7455, 7444, 7430, 7411, 7401, 7389, 7373, 7355, 7338, 7317, 7304, 7287, 7267, 7250, 7235, 7214, 7191,
7497, 7490, 7475, 7461, 7446, 7436, 7420, 7404, 7391, 7382, 7366, 7349, 7329, 7317, 7304, 7286, 7266, 7251, 7239, 7222, 7200,
7483, 7477, 7464, 7451, 7439, 7428, 7414, 7400, 7386, 7379, 7362, 7347, 7329, 7319, 7308, 7290, 7275, 7264, 7248, 7233, 7215,
7470, 7463, 7449, 7439, 7426, 7417, 7406, 7392, 7380, 7371, 7356, 7342, 7326, 7314, 7308, 7292, 7280, 7269, 7254, 7241, 7221,
7467, 7462, 7445, 7436, 7422, 7413, 7404, 7389, 7380, 7371, 7359, 7347, 7335, 7320, 7309, 7297, 7287, 7274, 7261, 7248, 7230,
7461, 7453, 7439, 7425, 7412, 7401, 7398, 7381, 7371, 7362, 7354, 7339, 7328, 7314, 7307, 7296, 7286, 7277, 7263, 7253, 7231,
7458, 7449, 7435, 7422, 7412, 7402, 7392, 7378, 7367, 7361, 7352, 7338, 7327, 7311, 7306, 7296, 7288, 7281, 7269, 7258, 7237,
7454, 7448, 7434, 7418, 7408, 7397, 7387, 7375, 7363, 7354, 7346, 7336, 7327, 7313, 7305, 7296, 7291, 7287, 7277, 7261, 7245,
7446, 7443, 7427, 7413, 7401, 7389, 7380, 7367, 7357, 7347, 7338, 7328, 7323, 7311, 7301, 7296, 7290, 7287, 7278, 7266, 7248,
7443, 7439, 7423, 7408, 7397, 7380, 7374, 7360, 7352, 7342, 7335, 7325, 7319, 7305, 7299, 7296, 7290, 7284, 7280, 7269, 7249,
7441, 7434, 7420, 7409, 7395, 7383, 7374, 7358, 7350, 7343, 7333, 7325, 7318, 7307, 7302, 7295, 7291, 7285, 7284, 7275, 7254,
7439, 7433, 7423, 7409, 7396, 7386, 7375, 7358, 7350, 7342, 7333, 7326, 7318, 7306, 7301, 7295, 7290, 7287, 7284, 7281, 7253,
7436, 7427, 7419, 7408, 7395, 7385, 7373, 7357, 7346, 7340, 7333, 7324, 7314, 7302, 7298, 7292, 7284, 7283, 7278, 7272, 7251,
7435, 7428, 7419, 7407, 7392, 7381, 7374, 7356, 7344, 7336, 7329, 7323, 7313, 7300, 7295, 7293, 7284, 7283, 7275, 7271, 7251,
7437, 7429, 7419, 7407, 7392, 7380, 7372, 7359, 7346, 7334, 7326, 7317, 7309, 7298, 7291, 7287, 7282, 7277, 7272, 7272, 7246,
7449, 7428, 7417, 7406, 7392, 7379, 7370, 7356, 7345, 7333, 7323, 7314, 7305, 7296, 7289, 7285, 7278, 7269, 7265, 7260, 7241,
7539, 7430, 7413, 7397, 7386, 7374, 7362, 7346, 7338, 7323, 7313, 7308, 7296, 7287, 7282, 7272, 7265, 7261, 7251, 7247, 7232,
7448, 7425, 7413, 7401, 7392, 7381, 7369, 7354, 7343, 7329, 7317, 7308, 7300, 7290, 7287, 7278, 7269, 7263, 7254, 7254, 7245,
7435, 7421, 7409, 7401, 7390, 7380, 7368, 7353, 7340, 7327, 7312, 7305, 7298, 7287, 7283, 7271, 7263, 7254, 7250, 7245, 7236,
7439, 7428, 7413, 7404, 7393, 7383, 7371, 7356, 7344, 7327, 7314, 7307, 7299, 7291, 7284, 7273, 7264, 7254, 7249, 7240, 7229,
7441, 7431, 7418, 7407, 7396, 7383, 7373, 7359, 7343, 7328, 7316, 7308, 7297, 7288, 7281, 7270, 7259, 7250, 7243, 7235, 7224,
7437, 7428, 7418, 7404, 7392, 7380, 7372, 7359, 7346, 7330, 7314, 7304, 7293, 7286, 7276, 7264, 7251, 7241, 7231, 7222, 7212,
7435, 7428, 7418, 7408, 7392, 7380, 7375, 7360, 7348, 7332, 7315, 7305, 7292, 7284, 7272, 7257, 7247, 7233, 7221, 7211, 7200,
7442, 7433, 7424, 7412, 7399, 7386, 7377, 7364, 7350, 7333, 7317, 7305, 7293, 7284, 7272, 7253, 7245, 7229, 7215, 7200, 7190,
7453, 7437, 7430, 7419, 7406, 7393, 7383, 7368, 7353, 7335, 7319, 7307, 7291, 7283, 7268, 7250, 7236, 7220, 7208, 7189, 7175,
7458, 7442, 7431, 7422, 7410, 7398, 7384, 7370, 7353, 7333, 7317, 7302, 7287, 7275, 7257, 7240, 7222, 7203, 7187, 7167, 7152,
7464, 7451, 7440, 7428, 7417, 7401, 7386, 7377, 7356, 7335, 7317, 7302, 7285, 7272, 7252, 7233, 7213, 7191, 7174, 7157, 7137,
7472, 7461, 7449, 7434, 7422, 7404, 7391, 7377, 7357, 7335, 7317, 7299, 7284, 7269, 7245, 7224, 7203, 7179, 7158, 7137, 7120,
7494, 7473, 7461, 7443, 7428, 7407, 7390, 7379, 7358, 7335, 7319, 7299, 7281, 7266, 7236, 7216, 7194, 7169, 7143, 7119, 7106,
7539, 7471, 7434, 7406, 7379, 7339, 7294, 7316, 7317, 7306, 7301, 7290, 7279, 7270, 7245, 7235, 7224, 7207, 7191, 7175, 7222,
}
Rawdata_Upper = {
12387, 12408, 12422, 12421, 12421, 12415, 12405, 12387, 12376, 12350, 12335, 12296, 12263, 12232, 12196, 12163, 12130, 12088, 12057, 12028, 12108,
12533, 12522, 12505, 12485, 12466, 12448, 12420, 12392, 12366, 12345, 12321, 12283, 12246, 12205, 12165, 12128, 12090, 12046, 12003, 11962, 11943,
12537, 12517, 12492, 12472, 12452, 12432, 12403, 12375, 12347, 12325, 12298, 12266, 12231, 12196, 12162, 12132, 12093, 12052, 12015, 11975, 11941,
12527, 12508, 12483, 12457, 12440, 12417, 12388, 12360, 12338, 12317, 12295, 12261, 12230, 12195, 12170, 12140, 12103, 12068, 12037, 11998, 11965,
12513, 12498, 12471, 12450, 12425, 12406, 12382, 12351, 12333, 12315, 12287, 12257, 12228, 12195, 12172, 12145, 12111, 12082, 12057, 12022, 11985,
12493, 12482, 12457, 12433, 12408, 12392, 12366, 12338, 12317, 12302, 12276, 12247, 12215, 12193, 12172, 12142, 12108, 12085, 12063, 12036, 12000,
12471, 12461, 12438, 12417, 12397, 12378, 12356, 12332, 12310, 12297, 12270, 12245, 12215, 12197, 12178, 12148, 12125, 12106, 12080, 12053, 12023,
12450, 12437, 12413, 12397, 12376, 12361, 12342, 12320, 12300, 12283, 12260, 12236, 12208, 12190, 12180, 12152, 12132, 12113, 12090, 12067, 12035,
12443, 12436, 12407, 12392, 12370, 12355, 12340, 12313, 12298, 12283, 12263, 12243, 12223, 12198, 12181, 12161, 12145, 12122, 12101, 12080, 12048,
12433, 12421, 12397, 12375, 12352, 12335, 12330, 12301, 12285, 12270, 12256, 12231, 12212, 12190, 12177, 12160, 12142, 12127, 12103, 12087, 12051,
12428, 12415, 12391, 12368, 12352, 12336, 12318, 12296, 12277, 12267, 12252, 12230, 12211, 12185, 12176, 12158, 12146, 12135, 12115, 12096, 12061,
12422, 12412, 12388, 12362, 12346, 12327, 12311, 12291, 12271, 12256, 12242, 12226, 12211, 12187, 12173, 12160, 12151, 12143, 12127, 12101, 12073,
12410, 12405, 12377, 12355, 12335, 12315, 12298, 12277, 12261, 12245, 12230, 12212, 12203, 12183, 12167, 12160, 12150, 12145, 12128, 12108, 12078,
12405, 12397, 12371, 12346, 12327, 12300, 12288, 12266, 12252, 12236, 12223, 12207, 12197, 12175, 12163, 12158, 12150, 12140, 12132, 12115, 12081,
12401, 12390, 12366, 12347, 12325, 12305, 12288, 12262, 12250, 12237, 12221, 12207, 12196, 12177, 12168, 12157, 12151, 12141, 12140, 12125, 12090,
12397, 12387, 12371, 12347, 12326, 12310, 12291, 12262, 12250, 12236, 12221, 12210, 12196, 12176, 12167, 12157, 12150, 12145, 12138, 12133, 12087,
12392, 12377, 12363, 12346, 12325, 12307, 12287, 12261, 12242, 12232, 12221, 12206, 12188, 12168, 12162, 12152, 12138, 12137, 12130, 12120, 12083,
12391, 12380, 12363, 12345, 12320, 12301, 12290, 12258, 12238, 12226, 12215, 12203, 12187, 12166, 12157, 12153, 12140, 12137, 12125, 12117, 12083,
12393, 12381, 12363, 12345, 12320, 12298, 12286, 12263, 12242, 12222, 12210, 12195, 12181, 12162, 12151, 12145, 12136, 12127, 12120, 12118, 12076,
12413, 12380, 12361, 12342, 12320, 12297, 12282, 12260, 12241, 12221, 12205, 12190, 12175, 12158, 12147, 12141, 12130, 12113, 12107, 12098, 12067,
12563, 12382, 12353, 12327, 12310, 12290, 12270, 12242, 12228, 12205, 12187, 12180, 12158, 12145, 12136, 12120, 12107, 12101, 12085, 12077, 12052,
12412, 12375, 12353, 12333, 12318, 12301, 12281, 12256, 12237, 12213, 12193, 12180, 12166, 12150, 12145, 12130, 12113, 12103, 12090, 12088, 12075,
12391, 12367, 12347, 12333, 12316, 12298, 12278, 12255, 12232, 12211, 12186, 12173, 12162, 12145, 12137, 12117, 12103, 12090, 12082, 12073, 12058,
12397, 12378, 12353, 12338, 12321, 12303, 12283, 12258, 12238, 12211, 12188, 12177, 12163, 12151, 12138, 12121, 12106, 12088, 12081, 12066, 12047,
12401, 12383, 12362, 12345, 12326, 12303, 12287, 12263, 12237, 12212, 12192, 12178, 12161, 12146, 12133, 12116, 12097, 12082, 12071, 12057, 12040,
12393, 12380, 12362, 12340, 12320, 12300, 12286, 12263, 12242, 12216, 12190, 12172, 12155, 12142, 12126, 12106, 12085, 12067, 12051, 12036, 12018,
12391, 12378, 12362, 12346, 12318, 12300, 12291, 12266, 12246, 12220, 12191, 12175, 12152, 12140, 12118, 12095, 12077, 12055, 12035, 12017, 11998,
12402, 12387, 12372, 12352, 12331, 12308, 12295, 12272, 12250, 12221, 12195, 12175, 12153, 12138, 12120, 12087, 12073, 12047, 12023, 12000, 11982,
12421, 12395, 12382, 12363, 12342, 12321, 12305, 12278, 12255, 12225, 12197, 12177, 12151, 12137, 12112, 12082, 12060, 12032, 12012, 11981, 11957,
12428, 12402, 12385, 12368, 12348, 12328, 12306, 12282, 12253, 12221, 12195, 12170, 12143, 12125, 12095, 12066, 12036, 12003, 11977, 11945, 11918,
12440, 12417, 12400, 12380, 12361, 12333, 12310, 12293, 12258, 12225, 12193, 12170, 12141, 12120, 12086, 12053, 12021, 11985, 11956, 11927, 11893,
12452, 12433, 12415, 12390, 12370, 12340, 12317, 12295, 12261, 12225, 12195, 12165, 12138, 12115, 12073, 12040, 12003, 11965, 11928, 11895, 11866,
12490, 12455, 12433, 12403, 12380, 12345, 12316, 12297, 12262, 12225, 12197, 12163, 12135, 12108, 12060, 12026, 11988, 11947, 11903, 11863, 11842,
12565, 12451, 12390, 12342, 12297, 12231, 12156, 12192, 12195, 12176, 12167, 12150, 12131, 12116, 12075, 12057, 12038, 12011, 11983, 11957, 12036,
}
